0,1,2,3,4,5,6,7,8
1.0000001,0.7763741,0.76531446,0.8856608,0.46271873,0.38809216,0.81469834,0.31634662,0.7543659
0.7763741,0.9999999,0.6332905,0.6261846,0.28563946,0.20984451,0.7209179,0.16326411,0.55279744
0.76531446,0.6332905,1.0000001,0.63376635,0.24777827,0.2698418,0.72560596,0.25107116,0.48172832
0.8856608,0.6261846,0.63376635,1.0,0.45547763,0.39329287,0.63737214,0.3504488,0.70194554
0.46271873,0.28563946,0.24777827,0.45547763,1.0000001,0.3993059,0.25555843,0.32270697,0.30772495
0.38809216,0.20984451,0.2698418,0.39329287,0.3993059,1.0,0.27252617,0.17661637,0.2864391
0.81469834,0.7209179,0.72560596,0.63737214,0.25555843,0.27252617,1.0000002,0.18896367,0.7151561
0.31634662,0.16326411,0.25107116,0.3504488,0.32270697,0.17661637,0.18896367,1.0,0.13503137
0.7543659,0.55279744,0.48172832,0.70194554,0.30772495,0.2864391,0.7151561,0.13503137,1.0
